state,country,lat,long,date,confirmed,deaths,recovered
,france,46.2276,2.2137,2020-01-22,0,0,0.0
,france,46.2276,2.2137,2020-01-23,0,0,0.0
,france,46.2276,2.2137,2020-01-24,2,0,0.0
,france,46.2276,2.2137,2020-01-25,3,0,0.0
,france,46.2276,2.2137,2020-01-26,3,0,0.0
,france,46.2276,2.2137,2020-01-27,3,0,0.0
,france,46.2276,2.2137,2020-01-28,4,0,0.0
,france,46.2276,2.2137,2020-01-29,5,0,0.0
,france,46.2276,2.2137,2020-01-30,5,0,0.0
,france,46.2276,2.2137,2020-01-31,5,0,0.0
,france,46.2276,2.2137,2020-02-01,6,0,0.0
,france,46.2276,2.2137,2020-02-02,6,0,0.0
,france,46.2276,2.2137,2020-02-03,6,0,0.0
,france,46.2276,2.2137,2020-02-04,6,0,0.0
,france,46.2276,2.2137,2020-02-05,6,0,0.0
,france,46.2276,2.2137,2020-02-06,6,0,0.0
,france,46.2276,2.2137,2020-02-07,6,0,0.0
,france,46.2276,2.2137,2020-02-08,11,0,0.0
,france,46.2276,2.2137,2020-02-09,11,0,0.0
,france,46.2276,2.2137,2020-02-10,11,0,0.0
,france,46.2276,2.2137,2020-02-11,11,0,0.0
,france,46.2276,2.2137,2020-02-12,11,0,2.0
,france,46.2276,2.2137,2020-02-13,11,0,2.0
,france,46.2276,2.2137,2020-02-14,11,0,2.0
,france,46.2276,2.2137,2020-02-15,12,1,4.0
,france,46.2276,2.2137,2020-02-16,12,1,4.0
,france,46.2276,2.2137,2020-02-17,12,1,4.0
,france,46.2276,2.2137,2020-02-18,12,1,4.0
,france,46.2276,2.2137,2020-02-19,12,1,4.0
,france,46.2276,2.2137,2020-02-20,12,1,4.0
,france,46.2276,2.2137,2020-02-21,12,1,4.0
,france,46.2276,2.2137,2020-02-22,12,1,4.0
,france,46.2276,2.2137,2020-02-23,12,1,4.0
,france,46.2276,2.2137,2020-02-24,12,1,4.0
,france,46.2276,2.2137,2020-02-25,14,1,11.0
,france,46.2276,2.2137,2020-02-26,18,2,11.0
,france,46.2276,2.2137,2020-02-27,38,2,11.0
,france,46.2276,2.2137,2020-02-28,57,2,11.0
,france,46.2276,2.2137,2020-02-29,100,2,12.0
,france,46.2276,2.2137,2020-03-01,130,2,12.0
,france,46.2276,2.2137,2020-03-02,191,3,12.0
,france,46.2276,2.2137,2020-03-03,204,4,12.0
,france,46.2276,2.2137,2020-03-04,285,4,12.0
,france,46.2276,2.2137,2020-03-05,377,6,12.0
,france,46.2276,2.2137,2020-03-06,653,9,12.0
,france,46.2276,2.2137,2020-03-07,949,11,12.0
,france,46.2276,2.2137,2020-03-08,1126,19,12.0
,france,46.2276,2.2137,2020-03-09,1209,19,12.0
,france,46.2276,2.2137,2020-03-10,1784,33,12.0
,france,46.2276,2.2137,2020-03-11,2281,48,12.0
,france,46.2276,2.2137,2020-03-12,2281,48,12.0
,france,46.2276,2.2137,2020-03-13,3661,79,12.0
,france,46.2276,2.2137,2020-03-14,4469,91,12.0
,france,46.2276,2.2137,2020-03-15,4499,91,12.0
,france,46.2276,2.2137,2020-03-16,6633,148,12.0
,france,46.2276,2.2137,2020-03-17,7652,148,12.0
,france,46.2276,2.2137,2020-03-18,9043,148,12.0
,france,46.2276,2.2137,2020-03-19,10871,243,12.0
,france,46.2276,2.2137,2020-03-20,12612,450,12.0
,france,46.2276,2.2137,2020-03-21,14282,562,12.0
,france,46.2276,2.2137,2020-03-22,16018,674,2200.0
,france,46.2276,2.2137,2020-03-23,19856,860,2200.0
,france,46.2276,2.2137,2020-03-24,22304,1100,3243.0
,france,46.2276,2.2137,2020-03-25,25233,1331,3900.0
,france,46.2276,2.2137,2020-03-26,29155,1696,4948.0
,france,46.2276,2.2137,2020-03-27,32964,1995,5700.0
