state,country,lat,long,date,confirmed,deaths,recovered
,united-kingdom,55.3781,-3.4360000000000004,2020-01-22,0,0,0.0
,united-kingdom,55.3781,-3.4360000000000004,2020-01-23,0,0,0.0
,united-kingdom,55.3781,-3.4360000000000004,2020-01-24,0,0,0.0
,united-kingdom,55.3781,-3.4360000000000004,2020-01-25,0,0,0.0
,united-kingdom,55.3781,-3.4360000000000004,2020-01-26,0,0,0.0
,united-kingdom,55.3781,-3.4360000000000004,2020-01-27,0,0,0.0
,united-kingdom,55.3781,-3.4360000000000004,2020-01-28,0,0,0.0
,united-kingdom,55.3781,-3.4360000000000004,2020-01-29,0,0,0.0
,united-kingdom,55.3781,-3.4360000000000004,2020-01-30,0,0,0.0
,united-kingdom,55.3781,-3.4360000000000004,2020-01-31,2,0,0.0
,united-kingdom,55.3781,-3.4360000000000004,2020-02-01,2,0,0.0
,united-kingdom,55.3781,-3.4360000000000004,2020-02-02,2,0,0.0
,united-kingdom,55.3781,-3.4360000000000004,2020-02-03,2,0,0.0
,united-kingdom,55.3781,-3.4360000000000004,2020-02-04,2,0,0.0
,united-kingdom,55.3781,-3.4360000000000004,2020-02-05,2,0,0.0
,united-kingdom,55.3781,-3.4360000000000004,2020-02-06,2,0,0.0
,united-kingdom,55.3781,-3.4360000000000004,2020-02-07,3,0,0.0
,united-kingdom,55.3781,-3.4360000000000004,2020-02-08,3,0,0.0
,united-kingdom,55.3781,-3.4360000000000004,2020-02-09,3,0,0.0
,united-kingdom,55.3781,-3.4360000000000004,2020-02-10,8,0,0.0
,united-kingdom,55.3781,-3.4360000000000004,2020-02-11,8,0,0.0
,united-kingdom,55.3781,-3.4360000000000004,2020-02-12,9,0,1.0
,united-kingdom,55.3781,-3.4360000000000004,2020-02-13,9,0,1.0
,united-kingdom,55.3781,-3.4360000000000004,2020-02-14,9,0,1.0
,united-kingdom,55.3781,-3.4360000000000004,2020-02-15,9,0,1.0
,united-kingdom,55.3781,-3.4360000000000004,2020-02-16,9,0,8.0
,united-kingdom,55.3781,-3.4360000000000004,2020-02-17,9,0,8.0
,united-kingdom,55.3781,-3.4360000000000004,2020-02-18,9,0,8.0
,united-kingdom,55.3781,-3.4360000000000004,2020-02-19,9,0,8.0
,united-kingdom,55.3781,-3.4360000000000004,2020-02-20,9,0,8.0
,united-kingdom,55.3781,-3.4360000000000004,2020-02-21,9,0,8.0
,united-kingdom,55.3781,-3.4360000000000004,2020-02-22,9,0,8.0
,united-kingdom,55.3781,-3.4360000000000004,2020-02-23,9,0,8.0
,united-kingdom,55.3781,-3.4360000000000004,2020-02-24,13,0,8.0
,united-kingdom,55.3781,-3.4360000000000004,2020-02-25,13,0,8.0
,united-kingdom,55.3781,-3.4360000000000004,2020-02-26,13,0,8.0
,united-kingdom,55.3781,-3.4360000000000004,2020-02-27,15,0,8.0
,united-kingdom,55.3781,-3.4360000000000004,2020-02-28,20,0,8.0
,united-kingdom,55.3781,-3.4360000000000004,2020-02-29,23,0,8.0
,united-kingdom,55.3781,-3.4360000000000004,2020-03-01,36,0,8.0
,united-kingdom,55.3781,-3.4360000000000004,2020-03-02,40,0,8.0
,united-kingdom,55.3781,-3.4360000000000004,2020-03-03,51,0,8.0
,united-kingdom,55.3781,-3.4360000000000004,2020-03-04,85,0,8.0
,united-kingdom,55.3781,-3.4360000000000004,2020-03-05,115,1,8.0
,united-kingdom,55.3781,-3.4360000000000004,2020-03-06,163,2,8.0
,united-kingdom,55.3781,-3.4360000000000004,2020-03-07,206,2,18.0
,united-kingdom,55.3781,-3.4360000000000004,2020-03-08,273,3,18.0
,united-kingdom,55.3781,-3.4360000000000004,2020-03-09,321,4,18.0
,united-kingdom,55.3781,-3.4360000000000004,2020-03-10,382,6,18.0
,united-kingdom,55.3781,-3.4360000000000004,2020-03-11,456,8,18.0
,united-kingdom,55.3781,-3.4360000000000004,2020-03-12,456,8,18.0
,united-kingdom,55.3781,-3.4360000000000004,2020-03-13,798,8,18.0
,united-kingdom,55.3781,-3.4360000000000004,2020-03-14,1140,21,18.0
,united-kingdom,55.3781,-3.4360000000000004,2020-03-15,1140,21,18.0
,united-kingdom,55.3781,-3.4360000000000004,2020-03-16,1543,55,20.0
,united-kingdom,55.3781,-3.4360000000000004,2020-03-17,1950,55,52.0
,united-kingdom,55.3781,-3.4360000000000004,2020-03-18,2626,71,65.0
,united-kingdom,55.3781,-3.4360000000000004,2020-03-19,2689,137,65.0
,united-kingdom,55.3781,-3.4360000000000004,2020-03-20,3983,177,65.0
,united-kingdom,55.3781,-3.4360000000000004,2020-03-21,5018,233,65.0
,united-kingdom,55.3781,-3.4360000000000004,2020-03-22,5683,281,65.0
,united-kingdom,55.3781,-3.4360000000000004,2020-03-23,6650,335,65.0
,united-kingdom,55.3781,-3.4360000000000004,2020-03-24,8077,422,135.0
,united-kingdom,55.3781,-3.4360000000000004,2020-03-25,9529,465,135.0
,united-kingdom,55.3781,-3.4360000000000004,2020-03-26,11658,578,135.0
,united-kingdom,55.3781,-3.4360000000000004,2020-03-27,14543,759,135.0
